0.0634032 0.898685 2.61171
-0.106226 0.784642 2.61237
-0.106226 0.784642 2.61237 //Left shoulder
-0.272763 0.558333 2.5728
-0.272763 0.558333 2.5728 // left elbow
-0.424392 0.363261 2.45573 // left wrist
0.0634032 0.898685 2.61171
0.0644306 0.539138 2.63428
0.0644306 0.539138 2.63428
0.0677427 0.469924 2.60025
0.0634032 0.898685 2.61171
0.221707 0.792082 2.62851 // right shoulder 
0.221707 0.792082 2.62851
0.539614 0.332538 2.62543 //right wrist
0.539614 0.332538 2.62543
0.385117 0.526095 2.67599 //right elbow