0.031702 -0.305855 0.561678
-0.053113 -0.306185 0.490401
-0.053113 -0.306185 0.490401
-215801040.000000 215801040.000000 -269751296.000000
-215801040.000000 215801040.000000 -269751296.000000
-215801040.000000 215801040.000000 -269751296.000000
-215801040.000000 215801040.000000 -269751296.000000
-215801040.000000 215801040.000000 -269751296.000000
-215801040.000000 215801040.000000 -269751296.000000
-215801040.000000 215801040.000000 -269751296.000000
-215801040.000000 215801040.000000 -269751296.000000
-215801040.000000 215801040.000000 -269751296.000000
-215801040.000000 215801040.000000 -269751296.000000
-215801040.000000 215801040.000000 -269751296.000000
-215801040.000000 215801040.000000 -269751296.000000
-215801040.000000 215801040.000000 -269751296.000000
